6977
-4347
-5831
-5982
8444
2442
1901
-5637
678
3581
-8717
7360
-5248
256
7856
-7969
5225
-1071
-6630
-3820
475
-1689
8152
-8069
-7749
6225
9645
2986
-5048
-8886
-7871
-2715
-6991
5913
3027
1004
-5354
-6794
-2841
-3937
4053
-3592
9189
1435
-290
2747
-102
-5921
-7522
-1803
-405
-5826
887
4960
9776
6700
8849
-4990
1712
-1654
3698
-9885
-3448
7918
34
-9006
1158
-5453
5357
-2183
-8385
3467
1377
2364
1368
-7754
1882
-833
6306
-4249
-5526
-7249
-1177
-6714
-801
9330
4164
-5305
-1396
9437
6932
-2317
-432
4290
3988
743
-7629
2626
-4176
-6404
-7712
7041
-9870
-7923
-798
5810
-18
-82
3150
136
4092
2068
-9650
-9344
9661
-458
2220
-7558
-6112
-5362
634
-6845
4361
105
1447
-7832
-7941
179
-2101
7045
-9815
-6169
6341
9826
1615
4066
5250
-7312
6294
4754
-2690
-951
1482
-7167
-899
1342
8607
5953
5950
-5428
-3208
5731
-6771
-129
-3943
8703
-683
-5075
6376
1993
4559
-9819
9230
949
-9810
-5120
2137
-436
7576
667
-1649
-9441
-4558
-4033
611
-7838
-6269
5894
5128
5814
8282
6286
-3928
-5758
-5115
-8964
7069
5560
-8809
4827
2843
-3061
-1752
-2291
-2079
7552
-7239
8681
-4827
-3182
-8162
6525
-5633
7540
-4916
1963
2216
-7911
-9529
-8845
6301
-7347
7753
-808
-7265
9082
1219
-5759
-2994
-3981
-8938
8052
-6933
-7767
6841
2831
-7734
7584
-3459
4576
-6593
-608
-7334
-1283
3034
-6330
-8753
-7031
6251
9780
-8366
9101
2059
-2344
-1226
4095
-8030
-3296
8516
-771
-1454
-6240
-5518
-112
-986
5091
2302
-4829
1641
-3217
-3267
-9134
3632
-8639
-8421
-3893
6249
-3542
1441
-7903
-5021
6039
-4158
-3595
-393
-9706
9274
5005
9326
-8241
-2734
-7212
4425
-7141
5230
-4363
-9702
1784
2853
5288
7086
-3100
2440
2033
-4599
8650
365
-8128
5594
-9751
9077
-3912
8680
6942
8322
-1060
-470
-5514
-2985
-289
-8526
-9176
-9198
4087
3281
-1353
5161
-5374
3656
415
-3936
-8862
-7295
8292
-8009
-3369
6224
-939
-5834
-9522
9470
3169
-6400
-401
-7128
65
5171
-5388
-5498
4010
2902
-4351
-1979
-6476
-4613
543
-3082
6373
5490
441
-918
-9153
-7349
-7619
-8704
-8690
8428
-8393
1962
7581
-3281
9156
2881
3718
-7039
9686
-7494
-5287
9339
2508
7297
-7428
742
8227
5850
8880
-6302
-8148
9653
8228
-803
2837
9525
-8214
707
830
7824
9523
9951
485
-9271
2293
-5743
-9388
745
2565
-8992
1580
-9294
4076
5659
9242
6434
-6015
4959
-272
2641
8533
1900
3187
3441
3262
-7196
-9765
4683
7433
3193
3298
-1703
5787
-4397
-5204
7956
2366
-5379
-5766
-6712
-6678
8657
-2585
-1234
3514
6544
2311
-5072
-8181
2872
4146
9867
-166
-1790
5882
-4392
-1943
4354
2684
6731
-7525
321
-2933
7860
-5947
8427
8093
-5717
-1507
9937
-3548
-1972
2427
4908
-3497
-4729
-3458
8846
-1328
1012
7715
8838
-2071
-2103
3248
-9900
5801
-7163
8708
-9466
-4727
8953
-6855
8869
-2694
-8222
-3474
-5122
-3291
8457
1256
-1413
1826
1268
-6209
8784
-609
536
396
5292
-3289
2232
-3617
-4367
8149
-6610
4664
5378
3364
2805
-4549
-8190
-4834
4026
4994
8406
-8172
-9065
8205
8483
2154
4602
-4962
-5126
-9689
-9131
-7355
6573
-9054
-1920
1723
-1940
9255
-9977
1396
386
-2277
7114
-3224
4742
5648
6342
-6739
5425
-8828
-9263
189
4141
1883
7394
-6418
-5902
-5776
-9745
7523
-5935
-8647
4712
5157
2581
-2174
-2628
-3806
-6904
-2964
-1239
4839
6113
4499
1197
-1800
3601
-1448
6336
-853
3917
-9551
812
4944
9224
-8001
-1410
2375
-8696
-3973
5687
6667
-4458
4466
9140
2055
7836
-2801
-1602
-439
2076
-2253
-9977
-1269
757
-956
2762
-6733
-5502
-1304
-7937
4515
2388
-1750
-9321
233
-9829
3206
-394
-7882
5517
5772
-7648
4345
-4176
654
-8558
-2736
7388
-5392
7111
4243
8946
-201
5048
2932
3825
5093
-5469
-7897
3553
2987
-1523
7494
7947
-9328
246
-3829
-1019
-2111
4172
7674
1306
-2969
5458
2796
9894
8099
350
-6316
4818
2043
8339
-6786
-8124
1878
-4004
-9908
-806
2866
-7535
2728
3066
-802
-2172
-7970
-4781
7212
-7890
-3228
-9916
1862
-8979
4290
2280
-1044
8405
-6270
-9505
4321
-9074
-4726
7492
769
7601
-1042
-1949
8533
1507
-7312
-7216
-7256
-2144
9954
-7303
9181
2364
-2053
8522
-1745
-2094
-8637
8197
9228
-1495
6313
-3153
-4480
8066
1748
-9805
350
6528
111
5663
5276
1863
-5585
-5086
9650
508
-2913
2582
-2442
-331
1588
-8505
6093
3329
-8620
-8505
135
5889
459
-8952
8282
4676
8251
-6209
-2713
3401
-1319
-3641
8547
1240
5909
-2650
-734
-3720
4337
6530
-158
7179
-6209
5690
2016
8275
-7198
-1913
-4041
-5543
9832
-5044
6025
-5469
-1017
-9240
4591
4344
4779
-9796
1473
-9698
-3194
-582
-4779
-3652
-7679
-2109
9335
-1950
1934
3451
-7685
-6701
-6639
-5632
2797
-6437
453
-5146
-6643
293
5679
-1482
8319
-5505
-366
-8031
1777
-5883
-1573
-4274
-4857
4600
-4540
8542
828
-2915
9941
-6207
-431
-728
198
-6761
5757
9042
6353
5932
4501
-3713
5463
-989
777
-6603
733
-961
7423
-7978
6842
-7475
-5975
-1292
5455
5302
-2306
-5384
6455
-347
-5743
6443
-4084
-4085
-3734
-2141
-1236
-1880
1031
-4418
-2180
-5341
-5686
6689
-9206
-3704
5858
-4697
-2831
-2987
-5812
-632
-5342
-7522
2931
-835
6522
-6979
-5029
-6147
1416
-1087
3339
-3453
-7079
-355
7141
7589
-2020
-8298
758
5505
1222
-3607
5580
-8022
-7293
-427
7985
4414
-691
-8727
2225
3215
-6917
6953
-963
-7675
-8929
-1125
-7486
2636
2572
7031
2312
7067
-6936
-9374
4483
-8667
-9057
-3466
-1753
7915
-3400
2731
5889
3055
-3117
-710
8753
1314
8329
-3355
-3831
9017
9734
-1510
-7495
-6800
1134
-6068
4906
-3381
1526
-769
-6484
-5319
-1153
1574
-9759
-5262
-553
-754
5372
-8893
8806
-937
4410
-4817
-6789
-8385
-9998
-6026
-8352
8643
-4749
6273
-1091
4022
9748
6948
-6684
7233
6829
8361
-8964
7800
-3911
9545
-915
-5389
354
-5497
-6121
3833
-4138
-3409
2736
-8982
2321
-9672
-6967
1597
6415
936
-7680
7883
4742
5611
6640
-4570
582
-414
7230
-9877
-6163
9495
3197
-6353
8213
-9685
4174
2947
9818
-3004
7237
249
5581
-9126
2646
6897
8110
-560
7512
7899
2535
-7162
6470
3082
8434
5559
59
6495
-924
-9158
-8307
-869
6495
1019
7060
-2837
1210
593
4796
-3357
6098
-4101
-1400
8453
5473
-4210
-7239
-7260
9739
-5998
1292
-6926
695
-1852
3326
-7990
3313
8454
1936
-7807
729
3227
4738
-6314
-7838
-3809
-4492
-4266
-9632
3367
-71
-7558
-6614
5189
6437
-3674
-4349
1678
1526
5272
-8109
611
2209
-3157
4608
-2660
2446
-821
9592
-9454
9039
-6598
4367
5951
7486
2990
176
-4304
8363
-3038
4616
-5460
-6990
3357
-7053
3623
-9925
-7068
8898
533
5127
-9037
312
5617
-3259
8908
3541
2796
-827
9850
-5806
-6681
4401
-5756
4922
-4816
-4946
-8966
9716
4016
-2427
4745
-8424
9987
3116
-2873
-788
-6073
-4793
-5973
1843
-7146
1546
2846
3683
-9473
3883
-8521
-1992
1451
6936
-9368
987
-2771
660
2314
5333
-3633
5482
3808
7438
-4919
9544
-4316
5673
4228
4619
-2501
-9754
-9047
-4605
4164
-5455
-6185
-1653
7609
713
-9871
-9218
-2475
-5751
-7350
-516
476
-7206
2324
-3863
-2315
4285
285
-3045
1620
-9494
7088
8273
5358
-313
561
-37
1460
-4167
-2803
7370
995
-4768
-8957
4452
7217
-3938
-4190
8091
-206
-4409
1331
2182
1900
5028
1318
749
-1884
-8794
9261
-4337
-1263
9616
-6212
2254
9942
-3796
2962
1812
6036
-1013
9632
4875
-2939
5502
-1227
-8456
2977
-5762
1843
7157
7741
-5363
-7071
7633
6459
-3811
-8221
3414
-1224
-8144
2647
-7585
7063
-7526
8490
-1837
3391
8102
-3195
-9968
863
7723
6396
-3281
8328
2285
-9258
-514
-9028
-8702
1108
-2829
-8019
-2976
-3137
-205
4758
-9170
9347
153
6760
-6529
9615
-8885
9238
1486
-4762
9202
-2196
-1832
-8255
744
3169
5056
1142
-228
-2961
-3660
7088
273
9098
-5907
-6385
-334
-5600
4900
5992
5203
6915
4861
-7074
-9961
-1541
-9852
-7984
9128
-9944
3875
-3350
-9485
-8097
-2493
-6650
-5077
-7611
2926
-8217
-9590
4460
9499
71
1608
5965
9055
-5943
-2533
-9389
-3132
-31
-8652
7697
-5742
-6011
7429
6214
3452
-716
-571
8974
8501
3255
-5195
3753
-4107
9929
1471
-9899
4517
-8016
-1757
-4342
-1489
1003
4449
-2278
-3169
3837
2309
3859
5404
5185
219
51
9071
-3861
-1778
3857
7513
-8046
-9987
-1763
-229
-7768
9173
-7626
-101
8282
-2596
7166
-1423
-7843
3079
798
-6449
-7132
4628
515
4839
8703
-9278
-1255
2126
-1096
-4356
5636
-9778
-4056
7313
2570
-5211
-6740
5139
-3597
8472
-7436
2367
-9268
-7552
-177
-7956
-2746
-3827
4717
-7136
9347
4802
9292
8572
6828
3952
2305
-2754
3572
2763
4489
7082
-5595
-4546
9561
9655
5468
-3332
-24
-1722
9788
3896
1753
6203
-3709
-335
-7735
-8116
-6227
1037
-8384
1955
1253
1733
1142
-7594
-2169
6609
4640
8123
9026
-2975
9302
5821
3619
5112
-95
-6240
7076
-7963
8025
1277
-3405
4008
8928
-3324
-5553
-6589
-7353
3099
4214
9150
4801
-739
-3152
7727
206
-2738
9191
7190
-5671
1701
-5857
9126
5187
-3697
-6941
-2756
2538
2578
-9330
271
8615
7871
-7333
-6342
-9682
9856
8999
5343
-2118
7495
2134
-7731
-5673
8410
-3344
-6084
-1548
1434
4301
-2076
4825
-4241
-8256
3262
-6363
7929
4372
-9727
1848
8612
2058
-705
8970
-2956
-1624
-360
3502
7268
-3591
7085
-1710
7266
-9968
6481
-3972
342
5979
3545
-2952
-5636
-2902
4994
1557
-9248
5284
2808
-5366
9990
-2372
-5032
4456
8804
-1427
-5117
8024
9936
-1610
-9866
7458
-2660
-3807
2354
3195
782
-1658
6064
-4483
1604
-2452
2518
9859
-2649
-4782
3736
2083
-2257
-8762
4471
9779
-8852
3331
3859
-4553
-6613
-9353
-305
188
7835
-5333
9829
-1193
1818
-6238
9187
9079
5413
-8631
797
-3398
-9038
-7259
6117
7790
3224
4994
-3662
8367
9763
-1733
-7709
6369
-4570
9854
4634
1941
-831
9015
7753
9871
5369
-1173
-6604
-4741
-2409
4883
-682
2476
7731
-8093
-8801
-5470
7429
-1427
4385
-8929
-6891
-551
6540
-1908
-3520
-6630
3691
5543
-3863
-2255
-9437
-3496
-4363
-6584
5676
-3184
-6865
5616
2308
8623
9471
6546
9880
6197
-6005
-1128
-9363
1027
-3796
-9701
-2576
-4914
7928
-729
-3416
2895
6453
-7777
4269
-419
9317
5856
-3981
-3335
-5718
869
-7641
-9828
-9131
7996
4792
9346
6511
903
5146
6932
3844
-284
-39
736
8556
-261
2747
1649
-5402
8942
-4152
-4386
-6384
-1467
-4569
3184
-6713
-9586
-9084
3193
-2888
-1493
2061
8476
4737
995
-308
-9816
-2681
2546
7849
5889
-3484
-7993
-2335
8969
-4705
8310
4104
6647
1661
-3358
4948
6719
4484
8400
5313
-3961
3062
-1920
-3626
454
2838
-7102
7041
-2086
4463
-5705
-6032
7687
5834
-7916
5957
-558
947
-4459
-5614
-1130
6107
8957
5699
6251
733
-2903
1134
662
8645
3293
-6894
7281
8302
-1976
4346
7280
3314
1433
-2351
806
464
-4551
7459
-8272
5204
4466
-4703
4395
9398
7522
317
6086
104
2005
9637
8425
-4584
402
-8526
6304
9564
1012
8548
-9421
7603
6644
-7623
8548
-7852
-4542
4778
7405
9083
5629
1561
-4228
6712
6889
-963
-2012
-6960
-3411
6906
-7767
910
4438
-2049
-3094
122
-7658
428
5020
-6754
9163
-2489
-5244
-3002
-9340
2743
-1297
-3917
3141
8435
1568
6157
8520
-8897
-8297
-4982
4121
-1311
-7457
-7711
-5414
-4487
-8869
2318
-6055
-2153
2790
9657
-4231
-2922
5633
2020
-5321
8558
3671
-9255
-8582
6213
53
1602
915
-1595
9720
6740
3833
1718
6818
4300
-3100
3083
2349
-8442
-9899
-9352
-6952
6898
3896
-447
-2280
305
4577
8879
6999
5271
3213
-2992
9993
-3987
2273
-2950
6810
-8028
-8692
-1069
7667
-6956
-5152
-2562
5817
-1783
3786
-5635
-5157
-706
-5936
-2608
-4654
6206
8911
-4801
-5761
-4361
-1070
-5985
-5265
1181
-1762
5647
-7000
3937
-8577
1153
-1918
-6634
6347
2733
-4391
-4445
3522
-7647
-5008
1194
8651
-4649
-6946
-584
1291
3753
-9181
-8931
9475
8155
3234
7101
2508
9911
5957
333
-6835
-4750
-2438
2554
-2285
-1070
-4092
-2821
4796
-802
8122
9198
-4099
-1473
1816
8732
-7892
2498
628
782
9429
1823
-6609
3816
9781
8801
-4087
8753
-5165
7314
-5993
-634
2629
1075
-4965
773
-8431
5586
4045
-4699
4516
1660
7168
-6654
1142
1248
-1931
-4696
5348
-5381
-6355
5025
8159
-1891
-9951
-192
7111
-9424
518
1913
-2084
-642
-8559
-6593
130
-1845
8392
3142
6726
7239
6741
-6017
3511
3051
-2817
9087
2494
-4593
6014
-3615
-4855
-9644
3729
5495
1988
3915
-9364
8257
-4389
-9480
-8621
-8015
3981
5153
-6367
1046
-3305
-2226
8779
-890
4778
836
4632
8341
-3209
1560
-9744
-6346
-7862
-3388
-8634
-6148
5754
-1873
7655
5115
-9050
-5063
-5889
-1779
-3259
3496
2175
-8188
-6497
-3856
-3723
8060
6619
-4196
7111
5520
5791
-7649
8700
8788
-5571
-2690
9116
3686
-808
-5708
-4505
-4515
8111
8304
-2231
5034
7382
6197
-2176
-853
5141
3658
-8065
-2783
3637
7929
-6115
-5261
-7267
-7389
8649
-4383
3992
-4577
-7560
-5348
-5182
-6375
-4090
-9674
9915
-818
2211
4854
-2740
-5889
-2255
-5322
-2644
7017
4035
9717
-4449
6766
-6096
6881
-6132
-1026
6939
4220
-5037
6163
38
2077
-5863
7339
-3813
4764
6660
3670
6279
-9230
6169
-65
7138
8816
-354
1365
5244
8165
2872
2825
-5822
-3040
2324
-3520
43
3450
9666
-8806
8514
-4744
6312
-279
-5834
1229
-8611
-4603
9365
4336
-6304
9724
4286
8697
8489
5616
-248
-3482
-7601
9535
3786
3056
1703
-8070
-1315
-7882
-6870
-3363
8847
-541
1309
-9441
-9206
-7024
-3163
4072
3728
-9414
1083
396
3054
8309
-925
-8573
102
8362
1187
8294
4505
-898
7672
5099
4257
4752
6710
169
-5600
6999
1423
5257
5903
-959
8874
566
-2952
4643
8591
-3704
1821
-4601
7773
-108
1810
3562
6287
8763
-7939
4813
490
-3334
8630
-7842
7974
-7570
-9286
1113
-280
-3720
6792
-2762
-9500
9248
-3669
-4385
7211
-5072
-9882
6184
5634
8073
3226
5760
-4380
6369
703
865
-6602
-1388
-750
2449
-9170
6240
-6302
-1427
-7785
6598
-3551
-581
9465
-4465
4305
-617
-7662
133
9890
9913
3008
1150
600
1148
-9460
-6647
-7400
-9166
2472
9901
7284
8805
6802
-3868
1187
1037
1448
2316
-7821
-4236
-7735
-8740
2066
4112
-8805
1366
9922
-8372
4050
5051
3456
-4404
-5506
8550
-8862
-6391
6337
3619
7171
-9993
3606
3326
-1625
5921
-4111
2100
-2471
-342
-25
2760
-6778
-3882
-5543
2086
-4127
3568
5466
-9801
4187
-6596
383
-8512
2830
-9312
6448
5341
-6780
5319
-4091
6675
-2900
-1164
-2195
5131
1869
6533
-1148
3286
2306
-1333
3440
8790
588
2033
-6819
5044
-2356
6448
6990
-4767
3873
-4316
-6505
-6928
-778
-8280
7522
1879
3359
-9768
7644
-586
-1938
-5415
7683
-5088
-4291
-797
-8396
-5993
3371
-7181
1715
-9744
-3465
-5836
3393
-5208
-6987
7822
-1586
-9354
4355
-6349
1947
6949
-3590
-8408
-4453
-9826
9086
2289
-8399
4445
6260
-6414
-4837
-5957
-6478
-6118
-5764
7340
-6763
-4667
-6171
8975
-4297
6828
5182
1522
3459
6906
-3799
7261
5401
-9944
9470
8832
-7932
-2116
-6563
-780
-6341
7028
5327
-1481
7595
6019
3890
6205
2462
1141
-4209
-9880
-4972
7451
3126
-9263
2370
7198
-9035
-9319
-4849
5656
6740
-188
-5354
-7026
-5554
-2866
-4842
5233
-4332
587
-2036
-4021
-430
-9114
-8318
-3174
938
-7998
-776
-1591
-5029
8175
147
-443
6287
5162
-8522
-258
8878
-7487
2524
-6442
382
-2752
-8459
-4290
9551
5504
7598
-5021
7333
3362
-9175
1860
-870
-725
-406
1051
9624
-3978
-7327
-3920
-9521
4373
-1255
4477
409
-4581
9744
-7884
1368
5876
8879
7136
-3076
1254
-1696
-7251
9954
-1887
-7301
6985
7788
6794
-2382
-2868
-1114
-5026
-2009
-7098
-4561
-2972
8657
433
-3916
978
-7788
7728
-2979
8777
-6673
659
-2796
-1920
-3651
-4037
-5295
-8889
7971
5806
-2434
-9613
2557
3995
-9615
-3895
7911
-4224
-5951
-4161
7654
60
-1018
2243
3121
3232
382
-6171
7434
4397
4705
-9389
-6530
6251
8134
5995
-3428
-9248
-3538
7363
6475
67
6809
-7260
-9115
-9896
4443
3066
-3862
9980
3609
5641
-5968
2317
-9508
9904
1552
-8181
7397
314
7645
-5163
-8422
6687
-9708
-9304
-4705
2757
-5
-2045
3174
-5879
-3396
-9381
1335
-3497
-3060
6991
-8656
4592
-3350
4202
-6086
4586
3677
9539
-9174
-3686
-7382
7571
-9223
4856
-1702
5216
-2874
-4428
-1613
3444
161
5595
-2324
-3884
-2966
-3732
9056
3259
-123
-707
-9039
-9690
-8062
3955
7844
-5130
9980
-644
-9873
-9214
-7256
-8687
6673
6214
2576
-6878
-5084
4489
4517
1930
8999
7125
-3738
-9381
-2049
-1109
-9214
7333
-3275
-5025
89
-2550
6500
-6875
-8046
-9828
9920
-2331
555
3720
2189
1731
-2113
2076
5413
-4105
-3847
-3170
-4584
-9473
-7476
5629
-6849
5459
-4643
9735
503
-7860
-9591
-9403
-5123
-2656
-8912
708
-6444
6002
-7919
4273
5295
-2662
-8582
-7012
8264
-4270
-133
-561
6663
-1601
-7966
2021
-2765
9280
-7761
-3171
-3003
-8140
1612
7538
617
-4534
-8939
-581
5629
3909
-3226
-3139
-4364
-4195
-4962
-7043
-7211
-5340
8693
-5586
4888
8815
-7374
4702
2630
-7159
5815
-8884
4595
373
-5774
2901
5707
-5575
4792
-6573
8538
-1784
-896
-3415
-5839
-9457
-2936
-487
4290
-985
229
-7175
6501
-995
-9059
-4175
-9593
-1902
2908
-1682
-2520
-8569
-3581
8315
9146
4415
-7003
-3701
-1894
-7101
9666
4401
-1469
1149
-7225
-1464
453
-7916
9772
-4881
-2598
-8198
3003
6323
5144
3474
-6239
-1720
-8195
6079
6499
8539
-7253
4936
4539
7156
1923
2528
3606
-5268
-7203
6799
2512
5899
-9603
-182
-9676
-1031
-9266
-1864
-8080
-8796
-8868
3218
1296
-9390
-6915
-3867
-5009
3185
2974
4060
712
6470
-886
-6774
-1212
-3587
-7501
-8322
4504
2284
-9172
-9591
9233
-7610
6535
4154
-48
-1329
-3374
2933
152
-8789
7788
-1624
4902
-5795
-9428
2988
-9082
8776
227
3737
2268
-8880
-5903
-7432
-5993
-79
-5015
-3462
3481
-1033
-7154
-8394
-8577
4818
7250
-102
-6850
-2351
7104
-8573
-4969
-988
4287
-3334
-3416
-3916
-6051
-1701
-1709
4065
7063
-2469
-5658
-4467
6568
-7345
8755
2283
4125
-5826
-4915
9918
2005
6812
-9740
-7107
-2020
-3504
-5152
-7590
4249
-9971
-729
7619
3224
5310
7597
-5915
-9186
9676
6471
-2586
-9108
-1870
9660
9944
80
1947
-8710
9510
2460
-2533
-8530
-4226
-6711
-2549
9191
249
-9202
2440
3310
2297
5436
6525
1722
-3340
-2322
2199
-6
-4998
4905
-5865
1481
-7998
-435
-6091
2153
7528
2448
-1879
-3233
-6349
9764
853
-2884
6451
1766
6630
2478
-4573
537
-6093
2494
4868
-8788
2266
2487
-7177
-7562
8533
210
-7297
-3191
6978
2567
-7596
-2207
-6381
7521
-9669
2019
4936
-9196
-491
-4704
-4717
-5402
-5218
-3938
552
-4421
3108
-8720
1167
2841
8360
4352
-8213
4044
1400
5126
2841
5479
-3132
-9171
-9758
6275
-6970
-4060
-8861
-6630
6498
-7737
-3409
5225
8736
3111
-7702
-8828
5654
-8461
4374
5922
5372
-1446
-5016
3804
713
9850
-4959
6813
2082
-1956
-7283
2316
9485
5004
-2376
-8561
1232
6740
6855
4469
6540
-3232
-8239
-6438
-2738
8597
5107
-9815
-4997
1877
-2829
1038
-7343
6917
-7787
6616
2545
4552
5375
4338
-215
3698
7745
3258
2364
-8105
-5098
7232
6284
6874
-6687
-672
7763
-6777
532
-3782
32
-4060
7756
2913
1052
8076
-5666
2755
-3061
8768
-163
7943
825
1973
9421
-2878
684
-7088
-2334
2173
1380
-6338
-5440
2973
5027
-4075
4992
-6419
2402
-2309
-4607
-9069
-215
5039
8238
-5267
-2386
3165
1668
3748
9146
-5476
9122
-5705
-1930
1729
-7972
6159
7722
-9663
-8331
8347
2706
-9513
-5619
4829
-671
9888
-466
-598
-4711
-3425
-7011
5771
597
427
1997
7936
8622
1538
-2455
6849
-6346
6332
-8411
-4358
1110
2500
3451
-7975
3632
-7618
9027
6178
-4415
-3275
2040
-5788
876
-554
-224
9830
-4736
6397
9652
655
1149
8736
-4884
-1297
2557
-6197
-2605
-5918
-4824
4307
-2782
1006
6396
7147
-3772
-1187
-5158
-8468
1169
-5011
6868
8915
-7615
-1762
-9644
7466
-5181
1879
-187
-8352
7175
9004
9516
-5223
3959
-7459
8658
-9360
5548
4920
4686
1142
-375
8669
5817
8918
9198
7398
-3782
-3621
-604
-7216
1696
5034
3749
-9169
4574
1444
1386
-3601
4345
-954
1019
-8605
-7399
-4703
-2872
-2063
-7732
-2109
-5293
6233
-5066
-3183
4332
-7591
-177
-462
-4976
7191
9414
-9392
1778
3069
9676
-2105
-6648
-8417
1779
4669
5555
7173
-1171
3317
-8994
1488
-6682
-2266
-6314
-3346
451
-8606
-3388
3222
525
-1496
2224
2857
-1114
7654
8353
2262
-2299
4940
8444
-4754
-7528
1684
3768
-989
9789
-7965
-4185
3416
8117
8360
-4783
-7879
5142
-4660
-8595
2818
460
-2704
-154
-9914
-1064
6633
-5408
6860
-1520
203
-2273
9435
-6450
5591
8306
-7290
8151
1019
2457
3155
-752
5807
-7349
-6932
-352
3892
7494
-8903
4764
-9390
5363
8642
-5570
-8718
-1576
-2249
-887
8654
-9483
-6564
-2517
3530
-2554
-9608
-2071
7878
5591
1306
-4695
1718
-5299
844
5079
6620
7882
-7259
-1737
5315
9389
7183
6288
-3637
-1432
7130
4560
2779
-8666
-5561
506
4494
-5186
8524
8581
27
9900
6241
-9522
-9369
-6855
-8487
9953
8960
2140
-1135
-7618
-6835
-6225
-1925
-4415
2176
-7024
2157
276
8788
-3517
7339
-6171
6433
407
-4530
5185
-512
-8734
-5062
2375
4854
-7339
-7968
339
4701
8929
520
-4443
-1875
-1964
7042
-6347
5523
7929
-6831
6968
-3157
-2745
3946
-1801
-323
-8564
7980
2390
-7305
2459
5275
-7009
-4266
3427
3201
3828
-4800
9975
-9083
6747
-8489
97
5833
451
3106
-5590
5444
2588
-830
8040
6306
6869
9974
2069
5512
7515
947
-7363
5372
6536
6997
606
3977
8567
-4035
6085
-4782
-659
9717
411
4474
-6431
-2083
5462
3161
4577
5827
2452
-7568
-4911
-3169
3484
1528
7906
2438
-9035
3460
-4314
9599
5926
-9885
9071
-5576
5517
-8895
9361
-3099
-4946
-8023
8844
75
251
-6357
-1658
9050
-5909
6547
5579
204
-4461
-340
-4394
-9997
9363
3768
-2423
9698
-8402
499
-9448
-2221
3727
6687
4715
-5109
516
3989
-9084
329
2064
9223
1836
-8120
-1563
-7270
-1284
-2868
6528
-2297
-878
7807
9936
7608
7236
-1449
-2283
-7127
4920
3698
7220
-2142
5829
-6337
9019
-6433
-768
9870
-3002
1060
4825
6850
-1892
7033
-1155
2434
-6086
4129
-9885
-1259
3422
6316
-5789
-6552
4025
7153
-9976
924
8363
-3354
-8864
3708
6094
-1487
-9146
719
-5583
-2852
7146
-9626
-5810
1018
-2062
4018
4387
3922
-8614
4044
1368
1547
-4614
-5440
-8918
-4627
2403
2048
3467
6854
-3641
-791
-2474
4089
-5146
2512
-2355
6680
-2744
9929
1392
5455
6382
-8591
-7020
8915
3357
2814
-2548
-825
4068
-664
-3188
3825
-9628
-5768
6183
-983
7561
4549
-8327
-1266
-7153
624
7287
698
-5424
-4961
-7109
7
9638
-7422
-3862
-762
-3904
-3847
-1290
-5456
1442
5734
3193
-2419
-143
9596
-9624
-9917
9788
-6689
-7885
-2548
2138
-5737
2832
-334
1816
8567
-8125
-1693
-706
-1338
8944
-1325
6983
-8785
6992
-8289
4009
-1386
2709
8566
-8136
-8358
3405
-4230
-5102
4645
-6546
8300
6762
-6026
3615
6120
-559
8126
5867
3387
-3950
-8021
-7082
9292
7555
-260
-6635
3930
-3228
6177
798
-2172
-5414
-3500
3422
823
3394
-1278
4793
-4743
7935
-3846
1412
7401
-7462
8429
1401
3214
6200
-5562
-5328
-7774
-2022
-5890
-1122
-2783
-7671
5459
3403
-7864
-7630
-87
6416
163
-3436
5380
-6597
154
403
-1709
4080
-6233
-1328
-6399
-2102
350
-2566
8205
-222
273
9020
-4077
-504
-8151
-879
7324
-260
-4144
6008
6758
614
-5433
98
8896
8548
-823
884
-388
-3782
6243
-5301
-6572
-5099
5690
-409
-8292
8996
3128
8725
2381
-9616
-5215
-1499
-4837
1024
551
-84
3423
9576
3138
-2938
-3561
-2090
6102
5224
4982
9431
7542
-6468
8471
-651
4778
9660
9002
-5722
-4571
-1238
-5462
-1471
5860
-1037
-992
2415
4457
-9401
4803
1013
-8950
4594
-5038
-7907
-4404
5367
-888
6811
6523
781
-5735
-9544
-9436
-1380
7376
7389
-6232
-7290
4604
-314
-6055
1310
-5462
-3710
1112
-8728
-216
-1366
-4262
-1677
6195
7287
-1882
-5504
-2044
-8161
7777
-9747
1001
6538
-1103
-7616
5847
391
-163
2107
6852
-1620
7075
9209
-7251
5899
4642
4921
7293
-3204
3497
3142
324
6050
7085
2178
7003
-3860
5668
5649
-4920
4080
-396
-9749
1545
8364
-7594
-2977
-9248
3581
-930
8998
4689
-2636
-186
3625
-9679
-5259
8595
302
9202
9445
7756
-4960
-9316
8197
6774
-2036
946
7079
-851
-888
-6248
3903
1689
1596
-7808
-4711
8064
6332
-9075
-6603
-227
-9744
-1004
-5771
6865
1461
-5236
3787
-7167
-9787
-7456
8434
-6314
-8186
3488
-1785
-398
-3172
7228
-6729
2724
-9615
-9567
-7773
-993
4169
-5249
155
-8072
7784
3310
9422
1293
4391
6781
7282
-829
-1421
-8019
3100
1905
4249
7711
3200
-7465
5542
-7369
-8714
4623
4178
-3181
4285
6677
-6684
-1104
-7617
2045
2418
-4335
8705
4907
3066
4439
-3192
-1466
-2726
4789
8137
135
4581
4345
878
-9022
-9139
-1693
4744
-9350
8782
-3310
-1700
-9312
9803
-8022
5947
9081
1837
4003
-658
9869
2738
-4643
4236
6013
-7666
4116
-1175
5866
3381
4284
3072
-6100
-5553
-7243
-2885
-7533
1745
485
1886
-526
1464
9957
4902
9989
-2313
6438
-7764
4118
-8467
-429
5305
-125
-1352
9106
5447
6861
672
3139
7550
5725
1611
-3493
-1032
5560
-3923
5852
-8471
-4661
9150
3612
367
9438
-5159
-6311
5230
5019
8100
1775
-3772
-3262
6238
-1740
-5300
6566
4834
999
-6329
-9933
-6332
8200
3961
-2881
-6423
-2731
8890
-99
-9926
7775
3391
8472
1379
1559
-8294
-824
-8010
-3711
4100
1443
-2397
-7240
-2411
4828
6820
5461
9922
-7591
-4422
-580
8587
-1835
-3986
5165
-7421
2186
7790
-8859
-8823
8570
-6632
87
-6457
-7728
-7842
-2491
-7830
3390
9793
1630
-5964
8668
1104
-465
-5011
-4325
-4815
6790
-4192
-6226
-1784
6769
-8437
8698
-9826
-1812
-3714
9191
-6446
-8850
-5171
4379
4463
3397
5258
-6687
-8535
-324
-943
3380
-1063
-4824
-8144
8414
-9695
-7804
9786
3614
-4351
5985
740
-9787
8473
-5334
-2435
9686
-6171
7580
8926
5633
-5911
7468
-1831
-8449
5233
5690
-5335
-1550
-2806
6683
9907
-8208
1616
3117
-9575
9210
-894
8570
-4396
3451
-846
-7599
-4700
6983
-3478
535
-9726
3708
1502
4396
4450
5728
-5310
-2221
8257
2754
-4977
1690
-142
510
-1308
-4551
888
-4572
5901
-7365
-3130
8759
3986
-6255
9589
-5238
-6313
2170
-1626
-525
-5949
-6419
-4986
7456
3945
-2807
2144
-656
-3233
8102
-769
4460
2566
7670
7824
9980
-6463
-5825
-7257
-5770
-3361
-7792
1005
438
9605
3824
466
-8215
1960
3702
2875
9692
-5573
-8499
1056
-8406
-2263
-5622
4747
7911
-8369
-6140
5289
-269
-3685
-3545
506
-9876
3027
9148
-2190
4461
9104
-3593
-7416
3937
-4573
-2014
5166
6774
-5637
-7181
-7427
-3700
-4993
-9196
1930
6948
9126
7923
-690
-2622
-3759
-6794
-7679
4607
6449
4162
1293
-9460
-3800
4972
-5237
3322
1894
6713
-1962
-6373
6098
-41
-7016
-9735
3804
-9848
-9923
1105
-2041
-1332
-576
4465
-419
-930
2375
8010
9610
-127
5166
7273
7093
1400
-4479
-4674
-936
3618
-7085
-2997
9396
4373
-6509
-1726
-5315
-901
-6112
-2488
-2620
6445
-343
5013
7172
5133
-7840
845
2915
-9719
2734
-671
2203
-1246
6767
3614
-7413
5576
7374
-9531
2503
5085
-3117
-5329
1852
9671
2938
-3079
-5444
-5858
507
2305
-9094
9458
-2256
270
-454
3584
-9938
-1898
-3776
-345
-992
8828
-9271
4652
7749
-9080
1831
-7060
-2917
5037
-3048
-9620
-1998
-7414
-1014
-3500
-8323
6097
-7891
9354
-6096
4282
2051
6447
5613
-2064
-9798
-2913
2854
9055
8367
8382
4288
737
6622
8463
2624
234
4024
8493
3509
8205
-5092
-4308
-1327
2877
9668
-743
5335
7109
-9415
1541
8620
2387
-8849
-530
716
-588
-640
-850
8935
292
-2845
-396
3321
-5108
-3110
-6038
-8344
-3992
1967
-6959
2315
6671
3934
-8002
2711
-910
-9186
-6959
-211
3547
-2715
-6184
-8509
-4626
9059
3806
6954
-4072
-210
6778
7152
-6430
1836
-3132
-5593
-4073
284
-3374
-3545
-8963
-2145
5143
9650
-9276
-1041
7988
9755
1304
-9049
9890
2172
4077
6726
9887
-6093
-3921
-8457
8179
4365
-5917
4632
-1430
-846
-8474
-4610
4200
-1780
6893
-5018
-9908
5613
-2465
-7408
-7548
-7253
-3781
-1584
-869
6028
-6191
9413
7066
5685
-3785
-9711
2241
2514
447
2809
-7446
7082
-8914
1211
-8166
3414
8981
-8297
-2807
1561
-2039
1570
9540
6934
-2096
-6067
5277
-5767
9175
339
4499
8232
-7613
-1485
-6830
-8571
-3656
7205
2531
-7858
-1178
3941
6035
4359
-991
-9842
7141
5288
2748
-9689
9832
4244
-3322
3265
9572
8254
-6204
-5878
-7842
-3313
-8147
9140
9297
-9976
-7467
4426
-6051
1071
-1977
7168
1160
9394
7650
-6830
9088
4314
-4494
5644
9091
-3682
-4952
-1492
762
3886
-8086
-5968
7265
-1481
9386
-3663
3503
-4839
9339
-3745
2002
-4276
-3913
1195
4652
6408
1369
-6111
-3837
4900
-8429
-9679
-7188
-8866
-2347
8660
3892
6466
1576
-2444
9076
7954
8021
-5828
9477
7955
-9813
-5958
2794
8463
3872
2123
-5061
-4901
-1842
8688
6119
-8119
-3833
-5993
6763
-9050
-2697
6212
-9651
-4701
4199
7491
-4671
-9086
8016
8400
9331
9162
7018
2473
6219
7370
126
4847
-4120
-9603
-873
-4633
875
7797
5055
4433
4494
-9150
3925
5608
6057
4895
-1547
7212
-4786
-8955
5211
-8199
-3019
-7794
2976
-8670
-1483
-1694
-3820
3290
-7168
1247
-6803
-7197
-6110
6425
9412
-6349
539
7020
4744
-5893
-8176
5584
-2193
973
-7714
-2842
-3113
8754
530
-8240
-7398
1847
-5495
-5289
-905
9282
-2667
1335
7659
-7114
-2263
-3758
-7184
2128
4733
-1074
9836
-3356
9878
-5292
8533
-9257
-77
-1786
6230
1402
6748
6380
8189
1841
-9402
-931
-5657
-3920
3566
9260
6132
1020
-439
1936
8471
-5327
-7148
2092
8564
3116
5848
-2110
-8985
5201
-5850
-1041
3617
1883
-3480
-9396
4703
-4992
3117
4719
9818
3893
4142
-1775
-8414
-5863
8517
8462
-5371
9233
9720
166
-5278
7946
8187
-6561
-2142
3139
9873
-6994
-8543
-4603
892
7400
8404
-133
-8737
-8844
-632
-8941
-5611
9526
-9475
-6440
8234
4548
9153
-6279
-3605
7305
-4239
-7706
-8958
8538
-3002
145
-1828
4556
-2660
5690
-7729
-845
-5907
-9388
4622
-5765
-5357
-8099
2558
-5980
-7156
4564
7764
7710
2951
7462
799
6927
7954
-3816
3141
-9837
6538
2094
-5121
-2883
5860
-1932
5218
-6555
