-9998
-9997
-9993
-9987
-9977
-9977
-9976
-9976
-9971
-9968
-9968
-9961
-9951
-9944
-9944
-9938
-9933
-9926
-9925
-9923
-9917
-9916
-9914
-9908
-9908
-9900
-9899
-9899
-9896
-9885
-9885
-9885
-9882
-9880
-9877
-9876
-9873
-9871
-9870
-9866
-9852
-9848
-9842
-9837
-9829
-9828
-9828
-9826
-9826
-9819
-9816
-9815
-9815
-9813
-9810
-9805
-9801
-9798
-9796
-9787
-9787
-9778
-9768
-9765
-9759
-9758
-9754
-9751
-9749
-9747
-9745
-9744
-9744
-9744
-9740
-9735
-9727
-9726
-9719
-9711
-9708
-9706
-9702
-9701
-9698
-9695
-9690
-9689
-9689
-9685
-9682
-9679
-9679
-9676
-9674
-9672
-9669
-9663
-9651
-9650
-9644
-9644
-9632
-9628
-9626
-9624
-9620
-9616
-9615
-9615
-9613
-9608
-9603
-9603
-9593
-9591
-9591
-9590
-9586
-9575
-9567
-9551
-9544
-9531
-9529
-9522
-9522
-9521
-9513
-9508
-9505
-9500
-9494
-9485
-9483
-9480
-9475
-9473
-9473
-9466
-9460
-9460
-9457
-9454
-9448
-9441
-9441
-9437
-9436
-9428
-9424
-9421
-9415
-9414
-9403
-9402
-9401
-9396
-9392
-9390
-9390
-9389
-9389
-9388
-9388
-9381
-9381
-9374
-9369
-9368
-9364
-9363
-9360
-9354
-9353
-9352
-9350
-9344
-9340
-9330
-9328
-9321
-9319
-9316
-9312
-9312
-9304
-9294
-9286
-9278
-9276
-9271
-9271
-9268
-9266
-9263
-9263
-9258
-9257
-9255
-9248
-9248
-9248
-9240
-9230
-9223
-9218
-9214
-9214
-9206
-9206
-9202
-9198
-9196
-9196
-9186
-9186
-9181
-9176
-9175
-9174
-9172
-9171
-9170
-9170
-9169
-9166
-9158
-9153
-9150
-9146
-9139
-9134
-9131
-9131
-9126
-9115
-9114
-9108
-9094
-9086
-9084
-9084
-9083
-9082
-9080
-9075
-9074
-9069
-9065
-9059
-9057
-9054
-9050
-9050
-9049
-9047
-9039
-9038
-9037
-9035
-9035
-9028
-9022
-9006
-8994
-8992
-8985
-8982
-8979
-8966
-8964
-8964
-8963
-8958
-8957
-8955
-8952
-8950
-8941
-8939
-8938
-8931
-8929
-8929
-8918
-8914
-8912
-8903
-8897
-8895
-8893
-8889
-8886
-8885
-8884
-8880
-8869
-8868
-8866
-8864
-8862
-8862
-8861
-8859
-8852
-8850
-8849
-8845
-8844
-8828
-8828
-8823
-8809
-8806
-8805
-8801
-8796
-8794
-8789
-8788
-8785
-8762
-8753
-8740
-8737
-8734
-8728
-8727
-8720
-8718
-8717
-8714
-8710
-8704
-8702
-8696
-8692
-8690
-8687
-8670
-8667
-8666
-8656
-8652
-8647
-8639
-8637
-8634
-8631
-8621
-8620
-8614
-8611
-8606
-8605
-8595
-8591
-8582
-8582
-8577
-8577
-8573
-8573
-8571
-8569
-8564
-8561
-8559
-8558
-8543
-8535
-8530
-8526
-8526
-8522
-8521
-8512
-8509
-8505
-8505
-8499
-8489
-8487
-8474
-8471
-8468
-8467
-8461
-8459
-8457
-8456
-8449
-8442
-8437
-8431
-8429
-8424
-8422
-8421
-8417
-8414
-8411
-8408
-8406
-8402
-8399
-8396
-8394
-8393
-8385
-8385
-8384
-8372
-8369
-8366
-8358
-8352
-8352
-8344
-8331
-8327
-8323
-8322
-8318
-8307
-8298
-8297
-8297
-8294
-8292
-8289
-8280
-8272
-8256
-8255
-8241
-8240
-8239
-8222
-8221
-8217
-8215
-8214
-8213
-8208
-8199
-8198
-8195
-8190
-8188
-8186
-8181
-8181
-8176
-8172
-8166
-8162
-8161
-8151
-8148
-8147
-8144
-8144
-8140
-8136
-8128
-8125
-8124
-8120
-8119
-8116
-8109
-8105
-8099
-8097
-8093
-8086
-8080
-8072
-8070
-8069
-8065
-8062
-8046
-8046
-8031
-8030
-8028
-8023
-8022
-8022
-8021
-8019
-8019
-8016
-8015
-8010
-8009
-8002
-8001
-7998
-7998
-7993
-7990
-7984
-7978
-7975
-7972
-7970
-7969
-7968
-7966
-7965
-7963
-7956
-7941
-7939
-7937
-7932
-7923
-7919
-7916
-7916
-7911
-7907
-7903
-7897
-7892
-7891
-7890
-7885
-7884
-7882
-7882
-7879
-7871
-7864
-7862
-7860
-7858
-7852
-7843
-7842
-7842
-7842
-7840
-7838
-7838
-7832
-7830
-7821
-7808
-7807
-7804
-7794
-7792
-7788
-7787
-7785
-7777
-7774
-7773
-7768
-7767
-7767
-7764
-7761
-7754
-7749
-7737
-7735
-7735
-7734
-7732
-7731
-7729
-7728
-7714
-7712
-7711
-7709
-7706
-7702
-7685
-7680
-7679
-7679
-7675
-7671
-7666
-7662
-7658
-7649
-7648
-7647
-7641
-7630
-7629
-7626
-7623
-7619
-7618
-7618
-7617
-7616
-7615
-7613
-7611
-7610
-7601
-7599
-7596
-7594
-7594
-7591
-7591
-7590
-7585
-7570
-7568
-7562
-7560
-7558
-7558
-7552
-7548
-7535
-7533
-7528
-7526
-7525
-7522
-7522
-7501
-7495
-7494
-7487
-7486
-7476
-7475
-7467
-7465
-7462
-7459
-7457
-7456
-7446
-7436
-7432
-7428
-7427
-7422
-7421
-7416
-7414
-7413
-7408
-7400
-7399
-7398
-7389
-7382
-7374
-7369
-7365
-7363
-7355
-7353
-7350
-7349
-7349
-7347
-7345
-7343
-7339
-7334
-7333
-7327
-7312
-7312
-7305
-7303
-7301
-7297
-7295
-7293
-7290
-7290
-7283
-7270
-7267
-7265
-7260
-7260
-7259
-7259
-7257
-7256
-7256
-7253
-7253
-7251
-7251
-7249
-7243
-7240
-7239
-7239
-7225
-7216
-7216
-7212
-7211
-7206
-7203
-7198
-7197
-7196
-7188
-7184
-7181
-7181
-7177
-7175
-7168
-7167
-7167
-7163
-7162
-7159
-7156
-7154
-7153
-7148
-7146
-7141
-7136
-7132
-7128
-7127
-7114
-7109
-7107
-7102
-7101
-7098
-7088
-7085
-7082
-7079
-7074
-7071
-7068
-7060
-7053
-7043
-7039
-7031
-7026
-7024
-7024
-7020
-7016
-7012
-7011
-7009
-7003
-7000
-6994
-6991
-6990
-6987
-6979
-6970
-6967
-6960
-6959
-6959
-6956
-6952
-6946
-6941
-6936
-6933
-6932
-6928
-6926
-6917
-6915
-6904
-6894
-6891
-6878
-6875
-6870
-6865
-6855
-6855
-6850
-6849
-6845
-6835
-6835
-6831
-6830
-6830
-6819
-6803
-6800
-6794
-6794
-6789
-6786
-6780
-6778
-6777
-6774
-6771
-6763
-6761
-6754
-6740
-6739
-6733
-6729
-6714
-6713
-6712
-6711
-6701
-6689
-6687
-6687
-6684
-6684
-6682
-6681
-6678
-6673
-6654
-6650
-6648
-6647
-6643
-6639
-6635
-6634
-6632
-6630
-6630
-6630
-6614
-6613
-6610
-6609
-6604
-6603
-6603
-6602
-6598
-6597
-6596
-6593
-6593
-6589
-6584
-6573
-6572
-6564
-6563
-6561
-6555
-6552
-6546
-6530
-6529
-6509
-6505
-6497
-6484
-6478
-6476
-6468
-6463
-6457
-6450
-6449
-6446
-6444
-6442
-6440
-6438
-6437
-6433
-6431
-6430
-6423
-6419
-6419
-6418
-6414
-6404
-6400
-6399
-6391
-6385
-6384
-6381
-6375
-6373
-6367
-6363
-6357
-6355
-6353
-6349
-6349
-6349
-6347
-6346
-6346
-6342
-6341
-6338
-6337
-6332
-6330
-6329
-6316
-6314
-6314
-6314
-6313
-6311
-6304
-6302
-6302
-6279
-6270
-6269
-6255
-6248
-6240
-6240
-6239
-6238
-6233
-6232
-6227
-6226
-6225
-6212
-6209
-6209
-6209
-6207
-6204
-6197
-6191
-6185
-6184
-6171
-6171
-6171
-6171
-6169
-6163
-6148
-6147
-6140
-6132
-6121
-6118
-6115
-6112
-6112
-6111
-6110
-6100
-6096
-6096
-6093
-6093
-6091
-6086
-6086
-6084
-6073
-6068
-6067
-6055
-6055
-6051
-6051
-6038
-6032
-6026
-6026
-6017
-6015
-6011
-6005
-5998
-5993
-5993
-5993
-5993
-5985
-5982
-5980
-5975
-5973
-5968
-5968
-5964
-5958
-5957
-5951
-5949
-5947
-5943
-5936
-5935
-5921
-5918
-5917
-5915
-5911
-5909
-5907
-5907
-5903
-5902
-5893
-5890
-5889
-5889
-5883
-5879
-5878
-5865
-5863
-5863
-5858
-5857
-5850
-5839
-5836
-5834
-5834
-5831
-5828
-5826
-5826
-5825
-5822
-5812
-5810
-5806
-5795
-5789
-5788
-5776
-5774
-5771
-5770
-5768
-5767
-5766
-5765
-5764
-5762
-5761
-5759
-5758
-5756
-5751
-5743
-5743
-5742
-5737
-5735
-5722
-5718
-5717
-5708
-5705
-5705
-5686
-5673
-5671
-5666
-5658
-5657
-5637
-5637
-5636
-5635
-5633
-5632
-5622
-5619
-5614
-5611
-5600
-5600
-5595
-5593
-5590
-5586
-5585
-5583
-5576
-5575
-5573
-5571
-5570
-5562
-5561
-5554
-5553
-5553
-5543
-5543
-5526
-5518
-5514
-5506
-5505
-5504
-5502
-5498
-5497
-5495
-5476
-5470
-5469
-5469
-5462
-5462
-5460
-5456
-5455
-5453
-5444
-5440
-5440
-5433
-5428
-5424
-5415
-5414
-5414
-5408
-5402
-5402
-5392
-5389
-5388
-5384
-5381
-5379
-5374
-5371
-5366
-5363
-5362
-5357
-5354
-5354
-5348
-5342
-5341
-5340
-5335
-5334
-5333
-5329
-5328
-5327
-5322
-5321
-5319
-5315
-5310
-5305
-5301
-5300
-5299
-5295
-5293
-5292
-5289
-5287
-5278
-5268
-5267
-5265
-5262
-5261
-5259
-5249
-5248
-5244
-5238
-5237
-5236
-5223
-5218
-5215
-5211
-5208
-5204
-5195
-5186
-5182
-5181
-5171
-5165
-5163
-5159
-5158
-5157
-5152
-5152
-5146
-5146
-5130
-5126
-5123
-5122
-5121
-5120
-5117
-5115
-5109
-5108
-5102
-5099
-5098
-5092
-5088
-5086
-5084
-5077
-5075
-5072
-5072
-5066
-5063
-5062
-5061
-5048
-5044
-5038
-5037
-5032
-5029
-5029
-5026
-5025
-5021
-5021
-5018
-5016
-5015
-5011
-5011
-5009
-5008
-4998
-4997
-4993
-4992
-4990
-4986
-4982
-4977
-4976
-4972
-4969
-4965
-4962
-4962
-4961
-4960
-4959
-4952
-4946
-4946
-4920
-4919
-4916
-4915
-4914
-4911
-4901
-4884
-4881
-4857
-4855
-4849
-4842
-4839
-4837
-4837
-4834
-4829
-4827
-4824
-4824
-4817
-4816
-4815
-4801
-4800
-4793
-4786
-4783
-4782
-4782
-4781
-4779
-4768
-4767
-4762
-4754
-4750
-4749
-4744
-4743
-4741
-4736
-4729
-4727
-4726
-4717
-4711
-4711
-4705
-4705
-4704
-4703
-4703
-4701
-4700
-4699
-4697
-4696
-4695
-4674
-4671
-4667
-4661
-4660
-4654
-4649
-4643
-4643
-4633
-4627
-4626
-4614
-4613
-4610
-4607
-4605
-4603
-4603
-4601
-4599
-4593
-4584
-4584
-4581
-4577
-4573
-4573
-4572
-4571
-4570
-4570
-4569
-4561
-4558
-4553
-4551
-4551
-4549
-4546
-4542
-4540
-4534
-4530
-4515
-4505
-4494
-4492
-4487
-4483
-4480
-4479
-4467
-4465
-4461
-4459
-4458
-4453
-4449
-4445
-4443
-4428
-4422
-4421
-4418
-4415
-4415
-4409
-4404
-4404
-4397
-4396
-4394
-4392
-4391
-4389
-4386
-4385
-4383
-4380
-4367
-4364
-4363
-4363
-4361
-4358
-4356
-4351
-4351
-4349
-4347
-4342
-4337
-4335
-4332
-4325
-4316
-4316
-4314
-4308
-4304
-4297
-4291
-4290
-4276
-4274
-4270
-4266
-4266
-4262
-4249
-4241
-4239
-4236
-4231
-4230
-4228
-4226
-4224
-4210
-4209
-4196
-4195
-4192
-4190
-4185
-4176
-4176
-4175
-4167
-4161
-4158
-4152
-4144
-4138
-4127
-4120
-4111
-4107
-4105
-4101
-4099
-4092
-4091
-4090
-4087
-4085
-4084
-4077
-4075
-4073
-4072
-4060
-4060
-4056
-4041
-4037
-4035
-4033
-4021
-4004
-3992
-3987
-3986
-3981
-3981
-3978
-3973
-3972
-3961
-3950
-3943
-3938
-3938
-3937
-3936
-3928
-3923
-3921
-3920
-3920
-3917
-3916
-3916
-3913
-3912
-3911
-3904
-3895
-3893
-3884
-3882
-3868
-3867
-3863
-3863
-3862
-3862
-3861
-3860
-3856
-3847
-3847
-3846
-3837
-3833
-3831
-3829
-3827
-3820
-3820
-3816
-3813
-3811
-3809
-3807
-3806
-3800
-3799
-3796
-3796
-3785
-3782
-3782
-3782
-3781
-3776
-3772
-3772
-3759
-3758
-3745
-3738
-3734
-3732
-3723
-3720
-3720
-3714
-3713
-3711
-3710
-3709
-3704
-3704
-3701
-3700
-3697
-3686
-3685
-3682
-3674
-3669
-3663
-3662
-3660
-3656
-3652
-3651
-3641
-3641
-3637
-3633
-3626
-3621
-3617
-3615
-3607
-3605
-3601
-3597
-3595
-3593
-3592
-3591
-3590
-3587
-3581
-3561
-3551
-3548
-3545
-3545
-3542
-3538
-3520
-3520
-3517
-3504
-3500
-3500
-3497
-3497
-3496
-3493
-3484
-3482
-3480
-3478
-3474
-3466
-3465
-3462
-3459
-3458
-3453
-3448
-3436
-3428
-3425
-3416
-3416
-3415
-3411
-3409
-3409
-3405
-3400
-3398
-3396
-3388
-3388
-3381
-3374
-3374
-3369
-3363
-3361
-3358
-3357
-3356
-3355
-3354
-3350
-3350
-3346
-3344
-3340
-3335
-3334
-3334
-3332
-3324
-3322
-3313
-3310
-3305
-3296
-3291
-3289
-3281
-3281
-3275
-3275
-3267
-3262
-3259
-3259
-3233
-3233
-3232
-3228
-3228
-3226
-3224
-3217
-3209
-3208
-3204
-3195
-3194
-3192
-3191
-3188
-3184
-3183
-3182
-3181
-3174
-3172
-3171
-3170
-3169
-3169
-3163
-3157
-3157
-3153
-3152
-3139
-3137
-3132
-3132
-3132
-3130
-3117
-3117
-3113
-3110
-3100
-3100
-3099
-3094
-3082
-3079
-3076
-3061
-3061
-3060
-3048
-3045
-3040
-3038
-3019
-3004
-3003
-3002
-3002
-3002
-2997
-2994
-2992
-2987
-2985
-2979
-2977
-2976
-2975
-2972
-2969
-2966
-2964
-2961
-2956
-2952
-2952
-2950
-2939
-2938
-2936
-2933
-2922
-2917
-2915
-2913
-2913
-2903
-2902
-2900
-2888
-2885
-2884
-2883
-2881
-2878
-2874
-2873
-2872
-2868
-2868
-2866
-2852
-2845
-2842
-2841
-2837
-2831
-2829
-2829
-2821
-2817
-2807
-2807
-2806
-2803
-2801
-2796
-2783
-2783
-2782
-2771
-2765
-2762
-2756
-2754
-2752
-2746
-2745
-2744
-2740
-2738
-2738
-2736
-2734
-2731
-2726
-2715
-2715
-2713
-2704
-2697
-2694
-2690
-2690
-2681
-2667
-2662
-2660
-2660
-2660
-2656
-2650
-2649
-2644
-2636
-2628
-2622
-2620
-2608
-2605
-2598
-2596
-2586
-2585
-2576
-2566
-2562
-2554
-2550
-2549
-2548
-2548
-2533
-2533
-2520
-2517
-2501
-2493
-2491
-2489
-2488
-2475
-2474
-2471
-2469
-2465
-2455
-2452
-2444
-2442
-2438
-2435
-2434
-2427
-2423
-2419
-2411
-2409
-2397
-2386
-2382
-2376
-2372
-2356
-2355
-2351
-2351
-2347
-2344
-2335
-2334
-2331
-2324
-2322
-2317
-2315
-2313
-2309
-2306
-2299
-2297
-2291
-2285
-2283
-2280
-2278
-2277
-2273
-2266
-2263
-2263
-2257
-2256
-2255
-2255
-2253
-2249
-2231
-2226
-2221
-2221
-2207
-2196
-2195
-2193
-2190
-2183
-2180
-2176
-2174
-2172
-2172
-2169
-2153
-2145
-2144
-2142
-2142
-2141
-2118
-2116
-2113
-2111
-2110
-2109
-2109
-2105
-2103
-2102
-2101
-2096
-2094
-2090
-2086
-2084
-2083
-2079
-2076
-2071
-2071
-2064
-2063
-2062
-2053
-2049
-2049
-2045
-2044
-2041
-2039
-2036
-2036
-2022
-2020
-2020
-2014
-2012
-2009
-1998
-1992
-1979
-1977
-1976
-1972
-1964
-1962
-1956
-1950
-1949
-1943
-1940
-1938
-1932
-1931
-1930
-1925
-1920
-1920
-1920
-1918
-1913
-1908
-1902
-1898
-1894
-1892
-1891
-1887
-1884
-1882
-1880
-1879
-1875
-1873
-1870
-1864
-1852
-1845
-1842
-1837
-1835
-1832
-1831
-1828
-1812
-1803
-1801
-1800
-1790
-1786
-1785
-1784
-1784
-1783
-1780
-1779
-1778
-1775
-1763
-1762
-1762
-1757
-1753
-1752
-1750
-1745
-1740
-1737
-1733
-1726
-1722
-1720
-1710
-1709
-1709
-1703
-1702
-1701
-1700
-1696
-1694
-1693
-1693
-1689
-1682
-1677
-1658
-1658
-1654
-1653
-1649
-1626
-1625
-1624
-1624
-1620
-1613
-1610
-1602
-1601
-1595
-1591
-1586
-1584
-1576
-1573
-1563
-1550
-1548
-1547
-1541
-1523
-1520
-1510
-1507
-1499
-1496
-1495
-1493
-1492
-1489
-1487
-1485
-1483
-1482
-1481
-1481
-1473
-1471
-1469
-1467
-1466
-1464
-1454
-1449
-1448
-1446
-1432
-1430
-1427
-1427
-1427
-1423
-1421
-1413
-1410
-1400
-1396
-1388
-1386
-1380
-1366
-1353
-1352
-1338
-1333
-1332
-1329
-1328
-1328
-1327
-1325
-1319
-1315
-1311
-1308
-1304
-1297
-1297
-1292
-1290
-1284
-1283
-1278
-1269
-1266
-1263
-1259
-1255
-1255
-1246
-1239
-1238
-1236
-1234
-1227
-1226
-1224
-1212
-1193
-1187
-1178
-1177
-1175
-1173
-1171
-1164
-1155
-1153
-1148
-1135
-1130
-1128
-1125
-1122
-1114
-1114
-1109
-1104
-1103
-1096
-1091
-1087
-1074
-1071
-1070
-1070
-1069
-1064
-1063
-1060
-1044
-1042
-1041
-1041
-1037
-1033
-1032
-1031
-1026
-1019
-1018
-1017
-1014
-1013
-1004
-995
-993
-992
-992
-991
-989
-989
-988
-986
-985
-983
-963
-963
-961
-959
-956
-954
-951
-943
-939
-937
-936
-931
-930
-930
-925
-924
-918
-915
-910
-905
-901
-899
-898
-896
-894
-890
-888
-888
-887
-886
-879
-878
-873
-870
-869
-869
-853
-853
-851
-850
-846
-846
-845
-835
-833
-831
-830
-829
-827
-825
-824
-823
-821
-818
-808
-808
-806
-803
-802
-802
-801
-798
-797
-791
-788
-780
-778
-776
-771
-769
-769
-768
-762
-754
-752
-750
-743
-739
-734
-729
-729
-728
-725
-716
-710
-707
-706
-706
-705
-691
-690
-683
-682
-672
-671
-671
-664
-659
-658
-656
-651
-644
-642
-640
-634
-632
-632
-617
-609
-608
-604
-598
-588
-586
-584
-582
-581
-581
-580
-576
-571
-561
-560
-559
-558
-554
-553
-551
-541
-530
-526
-525
-516
-514
-512
-504
-491
-487
-470
-466
-465
-462
-458
-454
-447
-443
-439
-439
-436
-435
-432
-431
-430
-429
-427
-419
-419
-414
-409
-406
-405
-401
-398
-396
-396
-394
-393
-388
-375
-366
-360
-355
-354
-352
-347
-345
-343
-342
-340
-335
-334
-334
-331
-324
-323
-314
-313
-308
-305
-290
-289
-284
-280
-279
-272
-269
-261
-260
-260
-258
-248
-229
-228
-227
-224
-222
-216
-215
-215
-211
-210
-206
-205
-201
-192
-188
-187
-186
-182
-177
-177
-166
-163
-163
-158
-154
-143
-142
-133
-133
-129
-127
-125
-123
-112
-108
-102
-102
-101
-99
-95
-87
-84
-82
-79
-77
-71
-65
-48
-41
-39
-37
-31
-25
-24
-18
-6
-5
7
27
32
34
38
43
51
53
59
60
65
67
71
75
80
87
89
97
98
102
104
105
111
122
126
130
133
135
135
136
145
147
152
153
154
155
161
163
166
169
176
179
188
189
198
203
204
206
210
219
227
229
233
234
246
249
249
251
256
270
271
273
273
276
284
285
292
293
302
305
312
314
317
321
324
329
333
339
339
342
350
350
350
354
365
367
373
382
382
383
386
391
396
396
402
403
407
409
411
415
427
428
433
438
441
447
451
451
453
453
454
459
460
464
466
475
476
485
485
490
499
503
506
506
507
508
510
515
516
518
520
525
530
532
533
535
536
537
539
543
551
552
555
561
566
582
587
588
593
597
600
606
611
611
614
617
624
628
634
654
655
659
660
662
667
672
678
684
695
698
703
707
708
712
713
713
716
719
729
733
733
736
737
740
742
743
744
745
749
757
758
762
769
773
777
781
782
782
797
798
798
799
806
812
823
825
828
830
836
844
845
853
863
865
869
875
876
878
884
887
888
892
903
910
915
924
936
938
946
947
947
949
973
978
987
995
995
999
1001
1003
1004
1005
1006
1012
1012
1013
1018
1019
1019
1019
1020
1024
1027
1031
1037
1037
1038
1046
1051
1052
1056
1060
1071
1075
1083
1104
1105
1108
1110
1112
1113
1134
1134
1141
1142
1142
1142
1142
1148
1149
1149
1150
1153
1158
1160
1167
1169
1181
1187
1187
1194
1195
1197
1210
1211
1219
1222
1229
1232
1240
1247
1248
1253
1254
1256
1268
1277
1291
1292
1293
1293
1296
1304
1306
1306
1309
1310
1314
1318
1331
1335
1335
1342
1365
1366
1368
1368
1368
1369
1377
1379
1380
1386
1392
1396
1400
1400
1401
1402
1412
1416
1423
1433
1434
1435
1441
1442
1443
1444
1447
1448
1451
1460
1461
1464
1471
1473
1481
1482
1486
1488
1502
1507
1522
1526
1526
1528
1538
1541
1545
1546
1547
1552
1557
1559
1560
1561
1561
1568
1570
1574
1576
1580
1588
1596
1597
1602
1604
1608
1611
1612
1615
1616
1620
1630
1641
1649
1660
1661
1668
1678
1684
1689
1690
1696
1701
1703
1712
1715
1718
1718
1722
1723
1729
1731
1733
1745
1748
1753
1766
1775
1777
1778
1779
1784
1810
1812
1816
1816
1818
1821
1823
1826
1831
1836
1836
1837
1841
1843
1843
1847
1848
1852
1860
1862
1863
1869
1877
1878
1879
1879
1882
1883
1883
1886
1894
1900
1900
1901
1905
1913
1923
1930
1930
1934
1936
1936
1941
1947
1947
1955
1960
1962
1963
1967
1973
1988
1993
1997
2002
2005
2005
2016
2019
2020
2021
2033
2033
2040
2043
2045
2048
2051
2055
2058
2059
2061
2064
2066
2068
2069
2076
2076
2077
2082
2083
2086
2092
2094
2100
2107
2123
2126
2128
2134
2137
2138
2140
2144
2153
2154
2157
2170
2172
2173
2175
2176
2178
2182
2186
2189
2199
2203
2209
2211
2216
2220
2224
2225
2232
2241
2243
2254
2262
2266
2268
2273
2280
2283
2284
2285
2289
2293
2297
2302
2305
2305
2306
2308
2309
2311
2312
2314
2315
2316
2316
2317
2318
2321
2324
2324
2349
2354
2364
2364
2364
2366
2367
2370
2375
2375
2375
2381
2387
2388
2390
2402
2403
2415
2418
2427
2434
2438
2440
2440
2442
2446
2448
2449
2452
2457
2459
2460
2462
2472
2473
2476
2478
2487
2494
2494
2498
2500
2503
2508
2508
2512
2512
2514
2518
2524
2528
2531
2535
2538
2545
2546
2554
2557
2557
2558
2565
2566
2567
2570
2572
2576
2578
2581
2582
2588
2624
2626
2629
2630
2636
2641
2646
2647
2684
2706
2709
2711
2724
2728
2731
2733
2734
2736
2738
2743
2747
2747
2748
2754
2755
2757
2760
2762
2763
2779
2790
2794
2796
2796
2797
2805
2808
2809
2814
2818
2825
2830
2831
2832
2837
2838
2841
2841
2843
2846
2853
2854
2857
2866
2872
2872
2875
2877
2881
2895
2901
2902
2908
2913
2915
2926
2931
2932
2933
2938
2947
2951
2962
2973
2974
2976
2977
2986
2987
2988
2990
3003
3008
3027
3027
3034
3051
3054
3055
3056
3062
3066
3066
3066
3069
3072
3079
3082
3083
3099
3100
3106
3108
3111
3116
3116
3117
3117
3121
3126
3128
3138
3139
3139
3141
3141
3142
3142
3150
3155
3161
3165
3169
3169
3174
3184
3185
3187
3193
3193
3193
3195
3197
3200
3201
3206
3213
3214
3215
3218
3222
3224
3224
3226
3227
3232
3234
3248
3255
3258
3259
3262
3262
3265
3281
3286
3290
3293
3298
3310
3310
3313
3314
3317
3321
3322
3326
3326
3329
3331
3339
3357
3357
3359
3362
3364
3367
3371
3380
3381
3387
3390
3391
3391
3393
3394
3397
3401
3403
3405
3414
3414
3416
3422
3422
3423
3427
3440
3441
3444
3450
3451
3451
3451
3452
3456
3459
3460
3467
3467
3474
3481
3484
3488
3496
3497
3502
3503
3509
3511
3514
3522
3530
3541
3545
3547
3553
3562
3566
3568
3572
3581
3581
3584
3601
3606
3606
3609
3612
3614
3614
3615
3617
3618
3619
3619
3623
3625
3632
3632
3637
3656
3658
3670
3671
3677
3683
3686
3691
3698
3698
3698
3702
3708
3708
3718
3720
3727
3728
3729
3736
3737
3748
3749
3753
3753
3768
3768
3786
3786
3787
3804
3804
3806
3808
3816
3824
3825
3825
3828
3833
3833
3837
3844
3857
3859
3859
3872
3873
3875
3883
3886
3890
3892
3892
3893
3896
3896
3903
3909
3915
3917
3922
3925
3930
3934
3937
3937
3941
3945
3946
3952
3955
3959
3961
3977
3981
3986
3988
3989
3992
3995
4003
4008
4009
4010
4016
4018
4022
4024
4025
4026
4035
4044
4044
4045
4050
4053
4060
4065
4066
4068
4072
4076
4077
4080
4080
4087
4089
4092
4095
4100
4104
4112
4116
4118
4121
4125
4129
4141
4142
4146
4154
4162
4164
4164
4169
4172
4174
4178
4187
4199
4200
4202
4214
4220
4228
4236
4243
4244
4249
4249
4257
4269
4273
4282
4284
4285
4285
4286
4287
4288
4290
4290
4290
4300
4301
4305
4307
4314
4321
4332
4336
4337
4338
4344
4345
4345
4345
4346
4352
4354
4355
4359
4361
4365
4367
4372
4373
4373
4374
4379
4385
4387
4391
4395
4396
4397
4401
4401
4410
4414
4415
4425
4426
4433
4438
4439
4443
4445
4449
4450
4452
4456
4457
4460
4460
4461
4463
4463
4465
4466
4466
4469
4471
4474
4477
4483
4484
4489
4489
4494
4494
4499
4499
4501
4504
4505
4515
4516
4517
4517
4539
4548
4549
4552
4556
4559
4560
4564
4574
4576
4577
4577
4581
4586
4591
4592
4594
4595
4600
4602
4604
4607
4608
4616
4619
4622
4623
4628
4632
4632
4634
4640
4642
4643
4645
4652
4652
4664
4669
4676
4683
4686
4689
4701
4702
4703
4705
4712
4715
4717
4719
4733
4737
4738
4742
4742
4744
4744
4745
4747
4752
4754
4758
4764
4764
4778
4778
4778
4779
4789
4792
4792
4793
4796
4796
4801
4802
4803
4813
4818
4818
4825
4825
4827
4828
4829
4834
4839
4839
4847
4854
4854
4856
4861
4868
4875
4883
4888
4895
4900
4900
4902
4902
4905
4906
4907
4908
4920
4920
4921
4922
4936
4936
4940
4944
4948
4959
4960
4972
4982
4992
4994
4994
4994
5004
5005
5013
5019
5020
5025
5027
5028
5034
5034
5037
5039
5044
5048
5051
5055
5056
5079
5085
5091
5093
5099
5107
5112
5115
5126
5127
5128
5131
5133
5139
5141
5142
5143
5144
5146
5153
5157
5161
5162
5165
5166
5166
5171
5182
5185
5185
5187
5189
5201
5203
5204
5211
5216
5218
5224
5225
5225
5230
5230
5233
5233
5244
5250
5257
5258
5271
5272
5275
5276
5277
5284
5288
5288
5289
5292
5295
5302
5305
5310
5313
5315
5319
5327
5333
5335
5341
5343
5348
5357
5358
5363
5367
5369
5372
5372
5372
5375
5378
5380
5401
5404
5413
5413
5425
5436
5444
5447
5455
5455
5458
5459
5459
5461
5462
5463
5466
5468
5473
5479
5482
5490
5495
5502
5504
5505
5512
5517
5517
5520
5523
5542
5543
5548
5555
5559
5560
5560
5576
5579
5580
5581
5584
5586
5591
5591
5594
5595
5608
5611
5613
5613
5616
5616
5617
5629
5629
5629
5633
5633
5634
5636
5641
5644
5647
5648
5649
5654
5656
5659
5663
5668
5673
5676
5679
5685
5687
5690
5690
5690
5690
5699
5707
5725
5728
5731
5734
5754
5757
5760
5771
5772
5787
5791
5801
5806
5807
5810
5814
5815
5817
5817
5821
5827
5829
5833
5834
5847
5848
5850
5852
5856
5858
5860
5860
5866
5867
5876
5882
5889
5889
5889
5894
5899
5899
5901
5903
5909
5913
5921
5922
5926
5932
5947
5950
5951
5953
5957
5957
5965
5979
5985
5992
5995
6002
6008
6013
6014
6019
6025
6028
6035
6036
6039
6050
6057
6064
6079
6085
6086
6093
6094
6097
6098
6098
6102
6107
6113
6117
6119
6120
6132
6157
6159
6163
6169
6177
6178
6183
6184
6195
6197
6197
6200
6203
6205
6206
6212
6213
6214
6214
6219
6224
6225
6230
6233
6238
6240
6241
6243
6249
6251
6251
6251
6260
6273
6275
6279
6284
6286
6287
6287
6288
6294
6301
6304
6306
6306
6312
6313
6316
6323
6332
6332
6336
6337
6341
6342
6347
6353
6369
6369
6373
6376
6380
6382
6396
6396
6397
6408
6415
6416
6425
6433
6434
6437
6438
6443
6445
6447
6448
6448
6449
6451
6453
6455
6459
6466
6470
6470
6471
6475
6481
6495
6495
6498
6499
6500
6501
6511
6522
6523
6525
6525
6528
6528
6530
6533
6535
6536
6538
6538
6540
6540
6544
6546
6547
6566
6568
6573
6598
6609
6616
6619
6620
6622
6630
6633
6640
6644
6647
6660
6663
6667
6671
6673
6675
6677
6680
6683
6687
6687
6689
6700
6710
6712
6713
6719
6726
6726
6731
6740
6740
6740
6741
6747
6748
6758
6760
6762
6763
6766
6767
6769
6774
6774
6778
6781
6790
6792
6794
6799
6802
6809
6810
6811
6812
6813
6818
6820
6828
6828
6829
6841
6842
6849
6850
6852
6854
6855
6860
6861
6865
6868
6869
6874
6881
6889
6893
6897
6898
6906
6906
6915
6917
6927
6932
6932
6934
6936
6939
6942
6948
6948
6949
6953
6954
6968
6977
6978
6983
6983
6985
6990
6991
6992
6997
6999
6999
7003
7017
7018
7020
7028
7031
7033
7041
7041
7042
7045
7060
7063
7063
7066
7067
7069
7075
7076
7079
7082
7082
7085
7085
7086
7088
7088
7093
7101
7104
7109
7111
7111
7111
7114
7125
7130
7136
7138
7141
7141
7146
7147
7152
7153
7156
7157
7166
7168
7168
7171
7172
7173
7175
7179
7183
7190
7191
7198
7205
7211
7212
7212
7217
7220
7228
7230
7232
7233
7236
7237
7239
7250
7261
7265
7266
7268
7273
7280
7281
7282
7284
7287
7287
7293
7297
7305
7313
7314
7324
7333
7333
7339
7339
7340
7360
7363
7370
7370
7374
7376
7382
7388
7389
7394
7397
7398
7400
7401
7405
7423
7429
7429
7433
7434
7438
7451
7456
7458
7459
7462
7466
7468
7486
7491
7492
7494
7494
7495
7512
7513
7515
7521
7522
7522
7523
7528
7538
7540
7542
7550
7552
7555
7561
7571
7576
7580
7581
7584
7589
7595
7597
7598
7601
7603
7608
7609
7619
7633
7644
7645
7650
7654
7654
7655
7659
7667
7670
7672
7674
7683
7687
7697
7710
7711
7715
7722
7723
7727
7728
7731
7741
7745
7749
7753
7753
7756
7756
7763
7764
7773
7775
7777
7784
7788
7788
7790
7790
7797
7800
7807
7822
7824
7824
7835
7836
7844
7849
7856
7860
7871
7878
7882
7883
7899
7906
7911
7911
7915
7918
7923
7928
7929
7929
7929
7935
7936
7943
7946
7947
7954
7954
7955
7956
7971
7974
7980
7985
7988
7996
8010
8016
8021
8024
8025
8040
8052
8060
8064
8066
8073
8076
8091
8093
8099
8100
8102
8102
8110
8111
8117
8122
8123
8126
8134
8137
8149
8151
8152
8155
8159
8165
8175
8179
8187
8189
8197
8197
8200
8205
8205
8205
8213
8227
8228
8232
8234
8238
8251
8254
8257
8257
8264
8273
8275
8282
8282
8282
8292
8294
8300
8302
8304
8306
8309
8310
8315
8319
8322
8328
8329
8339
8341
8347
8353
8360
8360
8361
8362
8363
8363
8364
8367
8367
8382
8392
8400
8400
8404
8405
8406
8410
8414
8425
8427
8428
8429
8434
8434
8435
8444
8444
8453
8454
8457
8462
8463
8463
8471
8471
8472
8472
8473
8476
8483
8489
8490
8493
8501
8514
8516
8517
8520
8522
8524
8533
8533
8533
8533
8538
8538
8539
8542
8547
8548
8548
8548
8550
8556
8558
8564
8566
8567
8567
8570
8570
8572
8581
8587
8591
8595
8597
8607
8612
8615
8620
8622
8623
8630
8642
8643
8645
8649
8650
8651
8654
8657
8657
8658
8660
8668
8669
8680
8681
8688
8693
8697
8698
8700
8703
8703
8705
8708
8725
8732
8736
8736
8753
8753
8754
8755
8759
8763
8768
8776
8777
8779
8782
8784
8788
8788
8790
8801
8804
8805
8806
8815
8816
8828
8832
8838
8844
8846
8847
8849
8869
8874
8878
8879
8879
8880
8890
8896
8898
8908
8911
8915
8915
8918
8926
8928
8929
8935
8942
8944
8946
8953
8957
8960
8969
8970
8974
8975
8981
8996
8998
8999
8999
9002
9004
9015
9017
9019
9020
9026
9027
9039
9042
9050
9055
9055
9056
9059
9071
9071
9076
9077
9079
9081
9082
9083
9086
9087
9088
9091
9098
9101
9104
9106
9116
9122
9126
9126
9128
9140
9140
9146
9146
9148
9150
9150
9153
9156
9162
9163
9173
9175
9181
9187
9189
9191
9191
9191
9198
9198
9202
9202
9209
9210
9223
9224
9228
9230
9233
9233
9238
9242
9248
9255
9260
9261
9274
9280
9282
9292
9292
9297
9302
9317
9326
9330
9331
9335
9339
9339
9346
9347
9347
9354
9361
9363
9365
9386
9389
9394
9396
9398
9412
9413
9414
9421
9422
9429
9431
9435
9437
9438
9445
9458
9465
9470
9470
9471
9475
9477
9485
9495
9499
9510
9516
9523
9525
9526
9535
9539
9540
9544
9545
9551
9561
9564
9572
9576
9589
9592
9596
9599
9605
9610
9615
9616
9624
9632
9637
9638
9645
9650
9650
9652
9653
9655
9657
9660
9660
9661
9666
9666
9668
9671
9676
9676
9686
9686
9692
9698
9716
9717
9717
9720
9720
9724
9734
9735
9739
9744
9748
9755
9763
9764
9772
9776
9779
9780
9781
9786
9788
9788
9789
9793
9803
9818
9818
9826
9829
9830
9832
9832
9836
9850
9850
9854
9856
9859
9867
9869
9870
9871
9873
9878
9880
9887
9888
9890
9890
9894
9900
9901
9904
9907
9911
9913
9915
9918
9920
9922
9922
9929
9929
9936
9936
9937
9941
9942
9944
9951
9953
9954
9954
9957
9974
9975
9980
9980
9980
9987
9989
9990
9993
